image_width: 1280
image_height: 960
camera_name: camera_link
camera_matrix:
  rows: 3
  cols: 3
  data: [539.9363327026367, 0.0, 640.0,
         0.0, 539.9363327026367, 480.0,
         0.0, 0.0, 1.0]
distortion_model: plumb_bob
distortion_coefficients:
  rows: 1
  cols: 5
  data: [0.0, 0.0, 0.0, 0.0, 0.0]
rectification_matrix:
  rows: 3
  cols: 3
  data: [1.0, 0.0, 0.0,
          0.0, 1.0, 0.0,
          0.0, 0.0, 1.0]
projection_matrix:
  rows: 3
  cols: 4
  data: [539.9363327026367, 0.0, 640.0, 0.0,
         0.0, 539.9363327026367, 480.0, 0.0,
         0.0, 0.0, 1.0, 0.0]
        