# oST version 5.0 parameters


[image]

width
640

height
480

[narrow_stereo]

camera matrix
506.156854 0.000000 319.809599
0.000000 508.320428 219.171946
0.000000 0.000000 1.000000

distortion
0.026374 -0.128646 -0.013583 -0.009075 0.000000

rectification
1.000000 0.000000 0.000000
0.000000 1.000000 0.000000
0.000000 0.000000 1.000000

projection
500.704956 0.000000 313.075345 0.000000
0.000000 506.121185 213.220511 0.000000
0.000000 0.000000 1.000000 0.000000
